1
3 18
7 11 14 3 3 4 17 2 1 7 16 1 1 6 11 1 1 7 10 1 1 8 12 1 1 6 14 3 1
1
17 2 19 10 19 10 18 11 18 11 17 12 17 12 8 4 8 4 9 2 9 2 12 5 12 5 14 4 14 4 15 2 15 2 19
0
3
15 3.5 18.5 9.5 18.5 9.5 17.5 10.5 17.5 10.5 16.5 11.5 16.5 11.5 14.5 10.5 14.5 10.5 15.5 9.5 15.5 9.5 16.5 8.5 16.5 8.5 17.5 6.5 17.5 6.5 16.5
10 3.5 18.5 3.5 16.5 5.5 16.5 5.5 15.5 9.5 15.5 9.5 9.5 11.5 9.5 11.5 10.5 10.5 10.5 10.5 13.5
12 8.5 13.5 6.5 13.5 6.5 12.5 7.5 12.5 7.5 11.5 8.5 11.5 8.5 9.5 5.5 9.5 5.5 11.5 3.5 11.5 3.5 10.5 6.5 10.5
4
2 1 10 12 9 12
3 1 7 16
5 3 3 10 0 5 11 2 3 11 3
6 1 9 18 5 9

2
10 10
1 11 5 3 2
5
5 9 11 13 11 13 9 9 9 9 11
6 9 9 9 4 19 4 19 7 13 7 13 8
6 9 7 4 7 4 8 3 8 3 10 8 10 
8 3 11 3 18 6 18 6 17 7 17 7 14 5 14 5 11
7 11 11 11 15 13 15 13 13 17 13 17 11 14 11
0
5
2 10.5 10.5 11.5 10.5
4 4.5 9.5 8.5 9.5 8.5 8.5 5.5 8.5
7 10.5 5.5 10.5 8.5 12.5 8.5 12.5 5.5 18.5 5.5 18.5 6.5 12.5 6.5
3 12.5 14.5 12.5 12.5 16.5 12.5
5 4.5 11.5 4.5 17.5 5.5 17.5 5.5 15.5 6.5 15.5 
2
5 12 8 9 2 8 8 1 12 12 0 4 17 3 5 17 2 10 8 3 12 8 2 12 5 0 18 5 1 18 6 2 5 15 0 6 15 1
6 4 12 10 4 9 5 8 16 12 4 11 12 14 10 5 6 16

3
3 18
1 4 17 1 1
4
12 2 19 9 19 9 15 8 14 12 14 12 11 11 10 10 9 4 9 4 11 2 11 2 18
5 4 13 4 16 5 16 5 17 7 17
2 6 13 6 14
3 6 11 8 11 8 12
0
4
7 3.5 18.5 8.5 18.5 8.5 15.5 5.5 15.5 5.5 12.5 3.5 12.5 3.5 17.5
9 5.5 11.5 5.5 10.5 10.5 10.5 10.5 11.5 11.5 11.5 11.5 13.5 7.5 13.5 7.5 12.5 6.5 12.5
3 9.5 11.5 9.5 12.5 10.5 12.5
3 7.5 14.5 7.5 16.5 6.5 16.5
2
1 2 4 17 4 19 8 12 8 14
5 2 8 18 2 8 15 1

4
3 18 
2 9 15 1 1 7 15 1 1
3
11 2 19 5 19 5 17 7 17 7 19 10 19 10 10 6 10 6 12 2 12 2 18
3 4 14 5 14 5 16
2 7 12 8 12
0
4
10 3.5 18.5 3.5 13.5 9.5 13.5 9.5 14.5 6.5 14.5 6.5 16.5 9.5 16.5 9.5 18.5 8.5 18.5 8.5 17.5
2 4.5 18.5 4.5 15.5
2 8.5 15.5 8.5 15.5
3 7.5 11.5 9.5 11.5 9.5 12.5
2
1 1 9 10 9 15
3 1 7 15

5
7 17
6 4 11 2 1 7 11 1 1 9 11 2 1 7 9 1 1 7 18 1 1 9 13 1 1
4
7 2 19 11 19 11 8 3 8 3 11 2 11 2 18
6 4 13 4 16 5 16 5 14 7 14 7 13
2 6 15 10 15
2 9 16 10 16
0
5
8 3.5 18.5 6.5 18.5 6.5 16.5 8.5 16.5 8.5 18.5 10.5 18.5 10.5 17.5 9.5 17.5
11 5.5 17.5 3.5 17.5 3.5 12.5 5.5 12.5 5.5 13.5 6.5 13.5 6.5 12.5 10.5 12.5 10.5 14.5 8.5 14.5 8.5 13.5
4 6.5 11.5 6.5 10.5 8.5 10.5 8.5 11.5
4 6.5 9.5 4.5 9.5 4.5 10.5 5.5 10.5
4 8.5 9.5 10.5 9.5 10.5 10.5 9.5 10.5
2
1 2 4 16 4 19 9 16 9 19
2 2 5 10 5 9 9 10 9 9